# Normalized	
# t	y
0	0
0.0166666666666	0.000336427985258
0.0333333333333	0.000720617648701
0.050000000000001	0.001070479025082
0.066666666666601	0.001398275479911
0.0833333333333	0.001722849347159
0.1	0.002075434916858
0.1166666666666	0.002438509692124
0.133333333333301	0.002784341684473
0.15	0.003130175534868
0.1666666666666	0.003490388700105
0.1833333333333	0.003821238117961
0.199999999999999	0.004153425846812
0.216666666666601	0.004487055120213
0.233333333333301	0.004866275762839
0.25	0.005218588147415
0.2666666666666	0.005551188195838
0.283333333333299	0.005900062937467
0.300000000000001	0.006165094976423
0.316666666666601	0.006577412182081
0.3333333333333	0.006892159155584
0.35	0.007224814685856
0.3666666666666	0.007536293511023
0.383333333333301	0.00787815641711
0.4	0.008175517232014
0.4166666666666	0.008518781011886
0.4333333333333	0.008874842521905
0.449999999999999	0.009226017607449
0.466666666666601	0.009533725686184
0.483333333333301	0.009829859366514
0.5	0.010128247497124
0.5166666666666	0.0104565869493
0.533333333333299	0.010754535564823
0.550000000000001	0.011134248988564
0.566666666666601	0.011489543703076
0.5833333333333	0.011801501207455
0.6	0.01213526844437
0.6166666666666	0.012417445388915
0.633333333333301	0.012741343041338
0.65	0.013040270806806
0.6666666666666	0.013349953681985
0.6833333333333	0.013673908901935
0.699999999999999	0.013965199891027
0.716666666666601	0.014281099560355
0.733333333333301	0.014579250113197
0.75	0.014885856234346
0.7666666666666	0.015209505876645
0.783333333333299	0.015467524034289
0.800000000000001	0.015800057493538
0.816666666666601	0.016086267611677
0.8333333333333	0.016389235036571
0.85	0.016720768138054
0.8666666666666	0.017014617806491
0.883333333333301	0.017323950732659
0.9	0.017638935844615
0.9166666666666	0.017919019297606
0.9333333333333	0.018235897859255
0.949999999999999	0.018526750831143
0.966666666666601	0.01883764521979
0.983333333333301	0.019147488260008
1	0.019454334137525
1.0166666666666	0.019777016053887
1.0333333333333	0.02008086024077
1.05	0.020385672095353
1.0666666666666	0.020701620549056
1.0833333333333	0.020995993178171
1.1	0.021303147963488
1.1166666666666	0.021607352029161
1.1333333333333	0.021892270850932
1.15	0.022217220322454
1.1666666666666	0.022550649561957
1.1833333333333	0.022844228928477
1.2	0.023149226413738
1.2166666666666	0.023452534172205
1.2333333333333	0.023732209494505
1.25	0.024048245012362
1.2666666666666	0.024365399983843
1.2833333333333	0.024672594568057
1.3	0.024978526759529
1.3166666666666	0.025280167380154
1.3333333333333	0.025593488361051
1.35	0.025902830127481
1.3666666666666	0.026215579729421
1.3833333333333	0.026517365011726
1.4	0.026823676522939
1.4166666666666	0.027134062850933
1.4333333333333	0.027410920914717
1.45	0.027760939505966
1.4666666666666	0.028076840343002
1.4833333333333	0.028363893775089
1.5	0.028685480845103
1.5166666666666	0.028986316115396
1.5333333333333	0.029292521686221
1.55	0.02957888593973
1.5666666666666	0.029846918031376
1.5833333333333	0.030173086382122
1.6	0.030479012520902
1.6166666666666	0.030834981601995
1.6333333333333	0.0311509307083
1.65	0.031440638107023
1.6666666666666	0.031694902849071
1.6833333333333	0.03198284061592
1.7	0.032360557998782
1.7166666666666	0.032678828853305
1.7333333333333	0.032964689524686
1.75	0.033255017567263
1.7666666666666	0.03358477969592
1.7833333333333	0.033889317274365
1.8	0.034175597038328
1.8166666666666	0.034504201307363
1.8333333333333	0.034781185195598
1.85	0.03510121449253
1.8666666666666	0.035414728539078
1.8833333333333	0.035746440189775
1.9	0.036011024093044
1.9166666666666	0.036336859361363
1.9333333333333	0.036728068648061
1.95	0.037104653185414
1.9666666666666	0.037391419220623
1.9833333333333	0.037714620307817
2	0.038060986604979
2.0166666666666	0.038320612946081
2.0333333333333	0.038705754797719
2.05	0.039046812905584
2.0666666666666	0.039365782281245
2.0833333333333	0.039688345236012
2.1	0.040023088356376
2.1166666666666	0.040350967410407
2.1333333333333	0.040701756202901
2.15	0.040961446525909
2.1666666666666	0.041256267124313
2.1833333333333	0.041621781615731
2.2	0.041910549255897
2.2166666666666	0.042230373095991
2.2333333333333	0.042585172331732
2.25	0.042937838853452
2.2666666666666	0.04330617110802
2.2833333333333	0.043663094543378
2.3	0.043960402390679
2.3166666666666	0.044298313588834
2.3333333333333	0.044584378514066
2.35	0.044886655001509
2.3666666666666	0.045235059403315
2.3833333333333	0.045670718587985
2.4	0.046024611459878
2.4166666666666	0.046392033802867
2.4333333333333	0.046717409699101
2.45	0.047048980856864
2.4666666666666	0.047415913957564
2.4833333333333	0.047717594868797
2.5	0.0480487389773
2.5166666666666	0.04835818967617
2.5333333333333	0.048698138019621
2.55	0.049075073592399
2.5666666666666	0.04942253488968
2.5833333333333	0.049786143175881
2.6	0.050133183672521
2.6166666666666	0.050461721120564
2.6333333333333	0.050763163013478
2.65	0.051069576511918
2.6666666666666	0.051369011941175
2.6833333333333	0.051790251516014
2.7	0.052139664056423
2.7166666666666	0.052461002902861
2.7333333333333	0.052826050934644
2.75	0.053086788191573
2.7666666666666	0.053467332769546
2.7833333333333	0.053809853428706
2.8	0.054106761186728
2.8166666666666	0.054474627453751
2.8333333333333	0.054753614678237
2.85	0.054979388734942
2.8666666666666	0.055320254659953
2.8833333333333	0.055677693904044
2.9	0.055991589912051
2.9166666666666	0.056295598942113
2.9333333333333	0.056707667036681
2.95	0.057022637608597
2.9666666666666	0.057343332415614
2.9833333333333	0.057633912308423
3	0.057961073909083
3.0166666666666	0.058244954916331
3.0333333333333	0.05853940047925
3.05	0.058862735767551
3.0666666666666	0.059214469096119
3.0833333333333	0.059534755878122
3.1	0.059785088163805
3.1166666666666	0.060154405359184
3.1333333333333	0.060439619223676
3.15	0.060770544028875
3.1666666666666	0.061019851195297
3.1833333333333	0.061323286386316
3.2	0.061658883069427
3.2166666666666	0.061954852880277
3.2333333333333	0.062286638579078
3.25	0.062589342137653
3.2666666666666	0.062943902224878
3.2833333333333	0.063221873035748
3.3	0.063508860135807
3.3166666666666	0.063772544634874
3.3333333333333	0.064049468867578
3.35	0.064386808140597
3.3666666666666	0.064693886803884
3.3833333333333	0.065071978270267
3.4	0.065341308447829
3.4166666666666	0.065630787805831
3.4333333333333	0.065912470129591
3.45	0.066278978912744
3.4666666666666	0.066472242937994
3.4833333333333	0.066710819470954
3.5	0.067148084790268
3.5166666666666	0.067416964657772
3.5333333333333	0.0676036908402
3.55	0.067844876287214
3.5666666666666	0.068361920657933
3.5833333333333	0.068575007876274
3.6	0.068803030100735
3.6166666666666	0.069155958740076
3.6333333333333	0.069537512031432
3.65	0.06977903503505
3.6666666666666	0.070126796035889
3.6833333333333	0.070395643735335
3.7	0.070695018058379
3.7166666666666	0.07096656724518
3.7333333333333	0.07119022371062
3.75	0.071542671223346
3.7666666666666	0.071910219449055
3.7833333333333	0.072187360337172
3.8	0.072502816160002
3.8166666666666	0.07278304999495
3.8333333333333	0.073115639319462
3.85	0.073453752003528
3.8666666666666	0.073752580710863
3.8833333333333	0.074088368042793
3.9	0.074461986314314
3.9166666666666	0.074637912537931
3.9333333333333	0.074921407578115
3.95	0.075263652727477
3.9666666666666	0.075506176477716
3.9833333333333	0.075858762989177
4	0.076224816639329
4.0166666666666	0.076481948035021
4.0333333333333	0.076762920618452
4.05	0.077101636432138
4.0666666666666	0.077365625817155
4.0833333333333	0.07771207873927
4.1	0.078026014366847
4.1166666666666	0.078335549607241
4.1333333333333	0.078636171778058
4.15	0.079027668275776
4.1666666666666	0.079145547762385
4.1833333333333	0.079360910911127
4.2	0.079760195492556
4.2166666666666	0.080062927972911
4.2333333333333	0.080354440371184
4.25	0.080780624272559
4.2666666666666	0.08127488463238
4.2833333333333	0.081562577955601
4.3	0.081891710794594
4.3166666666666	0.082369551895069
4.3333333333333	0.082646603316327
4.35	0.082859265187732
4.3666666666666	0.083098694969343
4.3833333333333	0.083353535225534
4.4	0.083692606181323
4.4166666666666	0.084021915890229
4.4333333333333	0.084330728303467
4.45	0.084530538033021
4.4666666666666	0.084829632081724
4.4833333333333	0.085151530009536
4.5	0.085411244955789
4.5166666666666	0.085767407301919
4.5333333333333	0.086104448301911
4.55	0.086474588312138
4.5666666666666	0.086881046843212
4.5833333333333	0.08722304681748
4.6	0.087586499129387
4.6166666666666	0.087977133917828
4.6333333333333	0.088271271761915
4.65	0.088471910689616
4.6666666666666	0.088884322140472
4.6833333333333	0.0892066411911
4.7	0.089489952333654
4.7166666666666	0.08979689869358
4.7333333333333	0.090150143353693
4.75	0.090484091266208
4.7666666666666	0.090678467094453
4.7833333333333	0.090885083751506
4.8	0.091098335886794
4.8166666666666	0.091399125640883
4.8333333333333	0.091652351497733
4.85	0.091950206959809
4.8666666666666	0.092123763939707
4.8833333333333	0.092443915304133
4.9	0.092749918758842
4.9166666666666	0.093032069945528
4.9333333333333	0.093385974234603
4.95	0.093752371917902
4.9666666666666	0.093949879216118
4.9833333333333	0.094178811333037
5	0.094409340290541
5.0166666666666	0.094619371716173
5.0333333333333	0.095021520864027
5.05	0.095297337986086
5.0666666666666	0.095637387548289
5.0833333333333	0.095907707978511
5.1	0.096051215533032
5.1166666666666	0.096434777075484
5.1333333333333	0.096649294092045
5.15	0.09688569572077
5.1666666666666	0.097279400294738
5.1833333333333	0.097648746333266
5.2	0.09781439729183
5.2166666666666	0.098264967001272
5.2333333333333	0.098463374001806
5.25	0.098786353485297
5.2666666666666	0.099078809829115
5.2833333333333	0.099262976667265
5.3	0.099582339580785
5.3166666666666	0.099824082204658
5.3333333333333	0.10010192529754
5.35	0.100356277880923
5.3666666666666	0.100680557290055
5.3833333333333	0.101106857797854
5.4	0.101319353625278
5.4166666666666	0.101631117250361
5.4333333333333	0.101883855449083
5.45	0.102182860475742
5.4666666666666	0.102487113482108
5.4833333333333	0.102861542003962
5.5	0.103127670049988
5.5166666666666	0.103432212724885
5.5333333333333	0.10373823736741
5.55	0.104081755496174
5.5666666666666	0.104400882758682
5.5833333333333	0.104677765496404
5.6	0.104945720029189
5.6166666666666	0.105221918318644
5.6333333333333	0.105425748334524
5.65	0.105732244923346
5.6666666666666	0.105990611853617
5.6833333333333	0.106226184583008
5.7	0.106589822684866
5.7166666666666	0.106714328334513
5.7333333333333	0.10678706988546
5.75	0.10688888854117
5.7666666666666	0.107059708078356
5.7833333333333	0.107565882655474
