# Normalized	
# t	y
0	0
0.01666666666667	0.000580934427983
0.03333333333334	0.001185400829052
0.05	0.001862509253859
0.06666666666667	0.002454097924526
0.08333333333334	0.003022693963705
0.1	0.003624177578668
0.11666666666667	0.004303370608374
0.13333333333334	0.004925832744612
0.15	0.00550334635202
0.16666666666667	0.006144187095655
0.18333333333334	0.006682721370052
0.2	0.00727643929607
0.21666666666667	0.007914461950918
0.23333333333334	0.00852116888338
0.25	0.009165427136702
0.26666666666667	0.009728189130454
0.28333333333334	0.010331491013299
0.3	0.010985926563209
0.31666666666667	0.011605311057747
0.33333333333334	0.012191397435183
0.35	0.012762500898919
0.36666666666667	0.013327885656063
0.38333333333334	0.013879885462388
0.4	0.014486341257639
0.41666666666667	0.01507238606087
0.43333333333334	0.015733884235945
0.45	0.016328617489721
0.46666666666667	0.016945311489669
0.48333333333334	0.017525623185335
0.5	0.018099470290511
0.51666666666667	0.018747367035682
0.53333333333334	0.01935366834786
0.55	0.019977499016096
0.56666666666667	0.02056255053603
0.58333333333334	0.021119130547002
0.6	0.021736404603803
0.61666666666667	0.022345231974034
0.63333333333334	0.022873820217367
0.65	0.023409958700831
0.66666666666667	0.024119903280468
0.68333333333334	0.024743807622523
0.7	0.02533596743545
0.71666666666667	0.02590700154186
0.73333333333334	0.026515785014485
0.75	0.027123219971909
0.76666666666667	0.027671667644386
0.78333333333334	0.028247137872347
0.8	0.028812403048482
0.81666666666667	0.02919910712345
0.83333333333334	0.02992798226833
0.85	0.030433442533273
0.86666666666667	0.0309671656978
0.88333333333334	0.031571819659636
0.9	0.032174719931822
0.91666666666667	0.032845070875835
0.93333333333334	0.033424355679542
0.95	0.034108318403304
0.96666666666667	0.034719382947076
0.98333333333334	0.035314633659408
1	0.035923625566566
1.01666666666667	0.036441663710466
1.03333333333334	0.037116955611273
1.05	0.037576164255883
1.06666666666667	0.038249523012336
1.08333333333334	0.038907419750134
1.1	0.039524716912003
1.11666666666667	0.040042753442522
1.13333333333334	0.040613859338195
1.15	0.041258564713946
1.16666666666667	0.041903261929651
1.18333333333334	0.042516498089499
1.2	0.043035875102023
1.21666666666667	0.04370286406505
1.23333333333334	0.044266969409272
1.25	0.044850848299366
1.26666666666667	0.045587884275634
1.28333333333334	0.046069845032109
1.3	0.046757099297065
1.31666666666667	0.047413244029755
1.33333333333334	0.048009921527519
1.35	0.048667618904956
1.36666666666667	0.049217257079578
1.38333333333334	0.049921869307061
1.4	0.050515622398765
1.41666666666667	0.051094411905438
1.43333333333334	0.051802688656149
1.45	0.052406177063995
1.46666666666667	0.053196572081207
1.48333333333334	0.05378375508175
1.5	0.05446215104928
1.51666666666667	0.054950885297517
1.53333333333334	0.055664310696571
1.55	0.056282765823538
1.56666666666667	0.056864322365066
1.58333333333334	0.057564619629306
1.6	0.058172688310569
1.61666666666667	0.058762884557051
1.63333333333334	0.059457756230317
1.65	0.060073475981854
1.66666666666667	0.060632417939862
1.68333333333334	0.061225736355194
1.7	0.06189509040999
1.71666666666667	0.062492520109648
1.73333333333334	0.063092114469149
1.75	0.06375575179778
1.76666666666667	0.064367188307873
1.78333333333334	0.065029126464833
1.8	0.065427508104741
1.81666666666667	0.066134897447027
1.83333333333334	0.066674553632635
1.85	0.067413072578467
1.86666666666667	0.067895551813516
1.88333333333334	0.068592573842102
1.9	0.069124868034062
1.91666666666667	0.069741111541989
1.93333333333334	0.070213351001759
1.95	0.070882449418917
1.96666666666667	0.071487356754135
1.98333333333334	0.07205162625543
2	0.072708989014794
2.01666666666667	0.073243702346118
2.03333333333334	0.073882850691792
2.05	0.074489706860127
2.06666666666667	0.075146569587358
2.08333333333334	0.075527525521846
2.1	0.07624069443739
2.11666666666667	0.076844670236832
2.13333333333334	0.077395940559187
2.15	0.078052720671786
2.16666666666667	0.078600028087233
2.18333333333334	0.07925561300191
2.2	0.079909432634259
2.21666666666667	0.080526574147375
2.23333333333334	0.080875259223019
2.25	0.081490382048366
2.26666666666667	0.082138782190962
2.28333333333334	0.082774266853505
2.3	0.083405714635291
2.31666666666667	0.083984945327512
2.33333333333334	0.084656475638422
2.35	0.085235040681218
2.36666666666667	0.085789378195546
2.38333333333334	0.086515219933236
2.4	0.087085274912589
2.41666666666667	0.087752126259217
2.43333333333334	0.088271661225273
2.45	0.088852584272579
2.46666666666667	0.089476895683296
2.48333333333334	0.090045995348815
2.5	0.090541107559549
2.51666666666667	0.09105211946669
2.53333333333334	0.091580249025219
2.55	0.092296234000656
2.56666666666667	0.092869567192448
2.58333333333334	0.093498932767144
2.6	0.094159905281526
2.61666666666667	0.094666614297736
2.63333333333334	0.095266294276516
2.65	0.0957635042094
2.66666666666667	0.096454462456023
2.68333333333334	0.097037943545597
2.7	0.097621427687406
2.71666666666667	0.098232724547
2.73333333333334	0.098770992037462
2.75	0.099471851398734
2.76666666666667	0.100059034814584
2.78333333333334	0.100639731392107
2.8	0.10126925867511
2.81666666666667	0.101811179585257
2.83333333333334	0.102464011055428
2.85	0.103091779357289
2.86666666666667	0.103734285462378
2.88333333333334	0.104316709893442
2.9	0.105002103667247
2.91666666666667	0.105586675100859
2.93333333333334	0.106129765904796
2.95	0.106837695245843
2.96666666666667	0.107348096469081
2.98333333333334	0.108022432061229
3	0.1086112827412
3.01666666666667	0.109200648914649
3.03333333333334	0.109803969194702
3.05	0.110453633942671
3.06666666666667	0.111066010821539
3.08333333333334	0.11168884724867
3.1	0.112356617025667
3.11666666666667	0.11295842132539
3.13333333333334	0.113411004820768
3.15	0.114107295783687
3.16666666666667	0.114696632398207
3.18333333333334	0.115302075884788
3.2	0.115996638229511
3.21666666666667	0.11670670030679
3.23333333333334	0.117274988404351
3.25	0.117969226058622
3.26666666666667	0.118561516449239
3.28333333333334	0.119169711863544
3.3	0.119754742602659
3.31666666666667	0.120230405683173
3.33333333333334	0.120795606655969
3.35	0.121460446118719
3.36666666666667	0.122064178704668
3.38333333333334	0.122668005482653
3.4	0.123231396537067
3.41666666666667	0.123928324029281
3.43333333333334	0.124491349292065
3.45	0.125086228600386
3.46666666666667	0.125656988075372
3.48333333333334	0.126272081096201
3.5	0.126894042000234
3.51666666666667	0.127489104128427
3.53333333333334	0.128105467423268
3.55	0.128714869617832
3.56666666666667	0.129349418757982
3.58333333333334	0.129926127688182
3.6	0.130460048119843
3.61666666666667	0.131048667957687
3.63333333333334	0.13162646915176
3.65	0.132282342611209
3.66666666666667	0.132837008522676
3.68333333333334	0.133411747430174
3.7	0.134083267958722
3.71666666666667	0.134634247393618
3.73333333333334	0.135275548290446
3.75	0.135877886795746
3.76666666666667	0.13641800701024
3.78333333333334	0.137007316854895
3.8	0.137609527603185
3.81666666666667	0.138251696466865
3.83333333333334	0.138817409610605
3.85	0.139443887496765
3.86666666666667	0.140032052153274
3.88333333333334	0.140621620139291
3.9	0.141204126925717
3.91666666666667	0.141796062607013
3.93333333333334	0.142385872938067
3.95	0.142936060262733
3.96666666666667	0.14350627210249
3.98333333333334	0.144160142446496
4	0.144783064326994
4.01666666666667	0.14538740856366
4.03333333333334	0.145983103039696
4.05	0.146567115266371
4.06666666666667	0.147142606425915
4.08333333333334	0.147695995721401
4.1	0.148316162222456
4.11666666666667	0.148858939977664
4.13333333333334	0.149496993712247
4.15	0.15013885450556
4.16666666666667	0.150734590196021
4.18333333333334	0.151334952187111
4.2	0.151890222804248
4.21666666666667	0.152497214015047
4.23333333333334	0.153032010656544
4.25	0.153628485423021
4.26666666666667	0.154236540151523
4.28333333333334	0.154814220941664
4.3	0.155444878249999
4.31666666666667	0.156058031450021
4.33333333333334	0.156651865289542
4.35	0.157228846827093
4.36666666666667	0.157836309936189
4.38333333333334	0.158388996207936
4.4	0.159086557592095
4.41666666666667	0.159709844318957
4.43333333333334	0.160423219753544
4.45	0.160983679448272
4.46666666666667	0.161586572096291
4.48333333333334	0.16228447083454
4.5	0.162773832849884
4.51666666666667	0.16338136401736
4.53333333333334	0.163973172703774
4.55	0.164504872328552
4.56666666666667	0.165025626090861
4.58333333333334	0.165634018845923
4.6	0.166258589672148
4.61666666666667	0.166886332579191
4.63333333333334	0.167473050201168
4.65	0.168067860562583
4.66666666666667	0.168692484586075
4.68333333333334	0.169312029387158
4.7	0.169825375514546
4.71666666666667	0.170436026631919
