# Normalized	
# t	y
0	0
0.01666666666666	0.000140327356923
0.03333333333333	0.000343090626704
0.05	0.000439496917554
0.06666666666666	0.000558503073808
0.08333333333333	0.000730489208908
0.1	0.000887016495999
0.11666666666666	0.001034099542949
0.13333333333333	0.001098895392606
0.15	0.001259715885765
0.16666666666666	0.001410570844812
0.18333333333333	0.001602560232762
0.2	0.001710917633909
0.21666666666666	0.001818281058871
0.23333333333333	0.001997060520706
0.25	0.002095765782323
0.26666666666666	0.002203878360152
0.28333333333333	0.002347534028964
0.3	0.002492674642669
0.31666666666666	0.002636997404196
0.33333333333333	0.002742350871935
0.35	0.002936829846126
0.36666666666666	0.003077141557158
0.38333333333333	0.003191697577853
0.4	0.003369703232635
0.41666666666666	0.003493584941852
0.43333333333333	0.003553340267369
0.45	0.003774413192413
0.46666666666666	0.003948015621587
0.48333333333333	0.004037606112256
0.5	0.004189495198321
0.51666666666666	0.004342673247863
0.53333333333333	0.004495895774842
0.55	0.004582982095028
0.56666666666666	0.004706461588434
0.58333333333333	0.004798444679957
0.6	0.004928493971341
0.61666666666666	0.005076865596447
0.63333333333333	0.005267293738005
0.65	0.005448508860167
0.66666666666666	0.005588054174064
0.68333333333333	0.005719064816959
0.7	0.005773350219433
0.71666666666666	0.005843434296858
0.73333333333333	0.005951550202028
0.75	0.00605015036653
0.76666666666666	0.006147181337221
0.78333333333333	0.006307813161164
0.8	0.006519374313019
0.81666666666666	0.006663347023937
0.83333333333333	0.00679523220911
0.85	0.006931888948943
0.86666666666666	0.007056175864171
0.88333333333333	0.007139980941044
0.9	0.007289922095639
0.91666666666666	0.007410125278845
0.93333333333333	0.007573099757897
0.95	0.007701945290346
0.96666666666666	0.007844832839857
0.98333333333333	0.008025894856754
1	0.008143691058676
1.01666666666666	0.008291447943588
1.03333333333333	0.008418360676384
1.05	0.008516488631085
1.06666666666666	0.008683061398557
1.08333333333333	0.008811233621413
1.1	0.008955896558684
1.11666666666666	0.009129795924587
1.13333333333333	0.009252521547295
1.15	0.009404442816676
1.16666666666666	0.00955727761557
1.18333333333333	0.009694030659947
1.2	0.00990244540351
1.21666666666666	0.00996913448716
1.23333333333333	0.010125606327901
1.25	0.010301464974798
1.26666666666666	0.010401230199681
1.28333333333333	0.010578545633306
1.3	0.010685156601607
1.31666666666666	0.010850357656665
1.33333333333333	0.011018579391298
1.35	0.011059608173473
1.36666666666666	0.011206137212038
1.38333333333333	0.011372714699278
1.4	0.011556204416187
1.41666666666666	0.011699296848503
1.43333333333333	0.011874344720476
1.45	0.012083887312939
1.46666666666666	0.012257856927311
1.48333333333333	0.012381126569983
1.5	0.012498106133552
1.51666666666666	0.012665076809906
1.53333333333333	0.012821716061808
1.55	0.012882637500745
1.56666666666666	0.013059141449059
1.58333333333333	0.013228978762873
1.6	0.013391615208756
1.61666666666666	0.013564729763459
1.63333333333333	0.013707997683483
1.65	0.013815449407827
1.66666666666666	0.013923243697323
1.68333333333333	0.014098093865197
1.7	0.014198243524957
1.71666666666666	0.014315159033506
1.73333333333333	0.014518695035459
1.75	0.014666844734175
1.76666666666666	0.014817478192312
1.78333333333333	0.014955660911105
1.8	0.015133076952494
1.81666666666666	0.015225064571505
1.83333333333333	0.015392098892879
1.85	0.015549827446911
1.86666666666666	0.015727297138467
1.88333333333333	0.015875578429943
1.9	0.016093861828732
1.91666666666666	0.016262839840069
1.93333333333333	0.016417562626519
1.95	0.016494012378313
1.96666666666666	0.016631170395849
1.98333333333333	0.016795996156935
2	0.01695735336045
2.01666666666666	0.017108440116735
2.03333333333333	0.017241728952905
2.05	0.017405355683244
2.06666666666666	0.017585077413616
2.08333333333333	0.017729469234352
2.1	0.017839368082086
2.11666666666666	0.017926096368561
2.13333333333333	0.018079573683877
2.15	0.01822018271744
2.16666666666666	0.01839256074341
2.18333333333333	0.018526625039522
2.2	0.018651199418124
2.21666666666666	0.018859155289181
2.23333333333333	0.018984511446067
2.25	0.019093208551441
2.26666666666666	0.019243119403685
2.28333333333333	0.019355411647753
2.3	0.019501433291145
2.31666666666666	0.019695446839454
2.33333333333333	0.01983622110927
2.35	0.019989201700912
2.36666666666666	0.020078316610522
2.38333333333333	0.020288095990002
2.4	0.020439897206173
2.41666666666666	0.020602074550568
2.43333333333333	0.020697891601332
2.45	0.020797286401324
2.46666666666666	0.020927212145055
2.48333333333333	0.021153565070976
2.5	0.021328044433556
2.51666666666666	0.021480985354614
2.53333333333333	0.021681569863589
2.55	0.021803630807032
2.56666666666666	0.021884972610481
2.58333333333333	0.022080373151065
2.6	0.022236314692369
2.61666666666666	0.022343967709255
2.63333333333333	0.022505334598575
2.65	0.022624229881875
2.66666666666666	0.022740581697168
2.68333333333333	0.022927405686775
2.7	0.023026210589768
2.71666666666666	0.023178344560115
2.73333333333333	0.023303166098692
2.75	0.023474853911092
2.76666666666666	0.023559017350801
2.78333333333333	0.023693173641509
2.8	0.023889246352212
2.81666666666666	0.023949949665787
2.83333333333333	0.024051787983992
2.85	0.02414901722294
2.86666666666666	0.024220013163306
2.88333333333333	0.024347504717743
2.9	0.024417531351802
2.91666666666666	0.02445831881516
2.93333333333333	0.024501938537236
2.95	0.024548424757996
2.96666666666666	0.02465417595814
2.98333333333333	0.02465200098906
3	0.024831655861055
3.01666666666666	0.024925393314461
3.03333333333333	0.025066146581992
3.05	0.025222553588348
3.06666666666666	0.025276335753526
3.08333333333333	0.025389634306752
3.1	0.025523825635493
3.11666666666666	0.025578323620946
3.13333333333333	0.025643991137936
3.15	0.02575730452322
3.16666666666666	0.026077679708469
3.18333333333333	0.026102183808277
3.2	0.026104046954958
3.21666666666666	0.026188355252002
3.23333333333333	0.026361205942175
3.25	0.02663758276993
3.26666666666666	0.026687029118548
3.28333333333333	0.026867189295398
3.3	0.026864207979557
3.31666666666666	0.026893134493466
3.33333333333333	0.027064921261605
3.35	0.027210945948174
3.36666666666666	0.027406962266215
3.38333333333333	0.027613173611964
3.4	0.027747439685022
3.41666666666666	0.027796346277494
3.43333333333333	0.027958611376132
3.45	0.028234898193266
3.46666666666666	0.028330171008564
3.48333333333333	0.028456558445776
3.5	0.028555756921172
3.51666666666666	0.028728236967323
3.53333333333333	0.028890397428959
3.55	0.029036482473499
3.56666666666666	0.02916218686289
3.58333333333333	0.02933255538498
3.6	0.029436521849935
3.61666666666666	0.029572958507754
3.63333333333333	0.029710136889462
3.65	0.029779046844472
3.66666666666666	0.029939897544026
3.68333333333333	0.030009684507168
3.7	0.030173856231259
3.71666666666666	0.030349130162073
3.73333333333333	0.030515898020801
3.75	0.030566114254799
3.76666666666666	0.03070556727934
3.78333333333333	0.030872864024197
3.8	0.031050756240261
3.81666666666666	0.031186951384178
3.83333333333333	0.031390380456262
3.85	0.031505462333317
3.86666666666666	0.031611023485255
3.88333333333333	0.031732155920831
3.9	0.031944964731076
3.91666666666666	0.032079313815698
3.93333333333333	0.03219770746246
3.95	0.032325899660347
3.96666666666666	0.032500772816367
3.98333333333333	0.032674444365837
4	0.032831884920023
4.01666666666666	0.032959284253713
4.03333333333333	0.033082485531161
4.05	0.033228983601633
4.06666666666666	0.033369907341459
4.08333333333333	0.033527589162338
4.1	0.03368240647854
4.11666666666666	0.033868814610439
4.13333333333333	0.034006786928691
4.15	0.034131816404523
4.16666666666666	0.034293759129264
4.18333333333333	0.034461033605939
4.2	0.03460646708652
4.21666666666666	0.034685803083135
4.23333333333333	0.034839532560311
4.25	0.034989099240124
4.26666666666666	0.035186920436696
4.28333333333333	0.035290254921051
4.3	0.035434724085756
4.31666666666666	0.03555626958496
4.33333333333333	0.035674621109171
4.35	0.035908490553484
4.36666666666666	0.03604713580256
4.38333333333333	0.036143570475929
4.4	0.036298668127307
4.41666666666666	0.036372881251962
4.43333333333333	0.036539420757373
4.45	0.036639464289482
4.46666666666666	0.036849676173007
4.48333333333333	0.037013112485201
4.5	0.037122647795264
4.51666666666666	0.037277400830592
4.53333333333333	0.037418309559694
4.55	0.037584453102133
4.56666666666666	0.037753304377133
4.58333333333333	0.037846356962164
4.6	0.037976428246561
4.61666666666666	0.0381121966139
4.63333333333333	0.038301001418711
4.65	0.038444294083415
4.66666666666666	0.038633649089343
4.68333333333333	0.038771078880396
4.7	0.038968342910835
4.71666666666666	0.039094993452092
4.73333333333333	0.039184129432156
4.75	0.039313305057465
4.76666666666666	0.039460303154502
4.78333333333333	0.03958309567311
4.8	0.03978245410462
4.81666666666666	0.039920505417006
4.83333333333333	0.040079658692166
4.85	0.040223821425984
4.86666666666666	0.040369591037719
4.88333333333333	0.04044856683898
4.9	0.040603916193278
4.91666666666666	0.040673353530675
4.93333333333333	0.040824970422082
4.95	0.040985241548187
4.96666666666666	0.041158748852827
4.98333333333333	0.04134914119133
5	0.041515935910701
5.01666666666666	0.04159028333014
5.03333333333333	0.041711090338541
5.05	0.04188765872418
5.06666666666666	0.042035082551455
5.08333333333333	0.042146918226886
5.1	0.042285776535866
5.11666666666666	0.042431984993486
5.13333333333333	0.04258997285649
5.15	0.042796983461235
5.16666666666666	0.042944393307467
5.18333333333333	0.043040431423859
5.2	0.04314762089134
5.21666666666666	0.043335418900584
5.23333333333333	0.043476545031076
5.25	0.04366973108835
5.26666666666666	0.043787583761081
5.28333333333333	0.04391922474985
5.3	0.044070872092844
5.31666666666666	0.044171376894717
5.33333333333333	0.044280645890522
5.35	0.044437779638609
5.36666666666666	0.044598123324862
5.38333333333333	0.044665713582741
5.4	0.044816073276806
5.41666666666666	0.04497932253036
5.43333333333333	0.04515914450122
5.45	0.045306677242015
5.46666666666666	0.045415323931418
5.48333333333333	0.045535349893456
5.5	0.04569874074806
5.51666666666666	0.04586504049057
5.53333333333333	0.046015529496034
5.55	0.046130319735242
5.56666666666666	0.046262483207678
5.58333333333333	0.046425675327616
5.6	0.046553138877335
5.61666666666666	0.046637877112196
5.63333333333333	0.046801036573516
5.65	0.046878076168125
5.66666666666666	0.046977403261596
5.68333333333333	0.047136004481286
5.7	0.04726711056689
5.71666666666666	0.047391423450537
5.73333333333333	0.047547583282008
5.75	0.047696408291985
5.76666666666666	0.047765424340383
5.78333333333333	0.04782305501253
5.8	0.047933932621401
5.81666666666666	0.048132300500984
5.83333333333333	0.048274944209146
5.85	0.048448289048884
5.86666666666666	0.048582398943838
5.88333333333333	0.048593663906313
5.9	0.048759083206145
5.91666666666666	0.048885576495675
5.93333333333333	0.048984376873023
5.95	0.049140893496011
5.96666666666666	0.04930883629958
5.98333333333333	0.049443558802191
6	0.049636038505484
6.01666666666666	0.049760344609697
6.03333333333333	0.049916426697593
6.05	0.050035673377011
6.06666666666666	0.050059436781948
6.08333333333333	0.050192345697982
6.1	0.050371034881507
6.11666666666666	0.050567930747511
6.13333333333333	0.050623932395677
6.15	0.050756660974619
6.16666666666666	0.050925879744035
6.18333333333333	0.051024656003226
6.2	0.051139838153347
6.21666666666666	0.051179278203772
6.23333333333333	0.05131619574519
6.25	0.051483380951264
6.26666666666666	0.05163628287417
6.28333333333333	0.051742465295932
6.3	0.051875043909407
6.31666666666666	0.052030314969234
6.33333333333333	0.052087039393754
6.35	0.052235232321116
6.36666666666666	0.052316296474571
6.38333333333333	0.052424307563523
6.4	0.052602622664795
6.41666666666666	0.052717616844956
6.43333333333333	0.052830886839055
6.45	0.052962567796324
6.46666666666666	0.053130324811222
6.48333333333333	0.05318664322147
6.5	0.053312566627168
6.51666666666666	0.053453923007687
6.53333333333333	0.053528631241405
6.55	0.053691069158457
6.56666666666666	0.053854844608519
6.58333333333333	0.053997480876202
6.6	0.054119447838314
6.61666666666666	0.054196002091276
6.63333333333333	0.054332712971511
6.65	0.054454978910494
6.66666666666666	0.05456810581679
6.68333333333333	0.05463995888573
6.7	0.054792509659581
6.71666666666666	0.05495038924991
6.73333333333333	0.05510593727637
6.75	0.055159487598928
6.76666666666666	0.055325575040149
6.78333333333333	0.055354524823795
6.8	0.055495410376864
6.81666666666666	0.055606226941097
6.83333333333333	0.055683769590412
6.85	0.055845079616703
6.86666666666666	0.05599620177416
6.88333333333333	0.056056108211077
6.9	0.056214449592719
6.91666666666666	0.056365356045938
6.93333333333333	0.056423903104396
6.95	0.056551856594316
6.96666666666666	0.056631222339838
6.98333333333333	0.056768517149007
7	0.056937077395468
7.01666666666666	0.057071065832231
7.03333333333333	0.057144632033651
7.05	0.057277932686613
7.06666666666666	0.057429958649189
7.08333333333333	0.057500129890218
7.1	0.057653325727057
7.11666666666666	0.057808811024382
7.13333333333333	0.057903735256188
7.15	0.058030393991282
7.16666666666666	0.05818651149548
7.18333333333333	0.058329845002112
7.2	0.058440472203393
7.21666666666666	0.058531478495625
7.23333333333333	0.058668667389787
7.25	0.058755965520659
7.26666666666666	0.058915342488726
7.28333333333333	0.0590578136013
7.3	0.05915486551361
7.31666666666666	0.059259057242994
7.33333333333333	0.059397658207859
7.35	0.05954491592489
7.36666666666666	0.059635897195274
7.38333333333333	0.05976103793746
7.4	0.059888459063471
7.41666666666666	0.059998680143326
7.43333333333333	0.060063364236802
7.45	0.060211638830162
7.46666666666666	0.060369878201686
7.48333333333333	0.060529050723096
7.5	0.060564647176028
7.51666666666666	0.060737389244453
7.53333333333333	0.060795116727569
7.55	0.060878162563565
7.56666666666666	0.060982406769114
7.58333333333333	0.061467967081015
