# Normalized	
# t	y
0	0
0.016666666666667	0.00020528302744
0.033333333333334	0.000550068757922
0.05	0.000863379614065
0.066666666666667	0.001245903496658
0.083333333333334	0.001591074746443
0.1	0.001951213199976
0.116666666666667	0.002177026605714
0.133333333333334	0.002309746646773
0.15	0.002580534718942
0.166666666666667	0.002855958555513
0.183333333333334	0.003152634227318
0.2	0.003433837502912
0.216666666666667	0.003671568994972
0.233333333333334	0.003967961207026
0.25	0.004220176388628
0.266666666666667	0.004438781534265
0.283333333333334	0.004633638086706
0.3	0.004879827726781
0.316666666666667	0.005210652290196
0.333333333333334	0.005350017236132
0.35	0.005646521573901
0.366666666666667	0.00592005443084
0.383333333333334	0.006342075042497
0.4	0.00650735827706
0.416666666666667	0.006645404512139
0.433333333333334	0.006960917959545
0.45	0.007221151290306
0.466666666666667	0.007523928460169
0.483333333333334	0.00773341234084
0.5	0.00804403452837
0.516666666666667	0.008271576410297
0.533333333333334	0.00854224036438
0.55	0.008636828630726
0.566666666666667	0.008865346470807
0.583333333333334	0.009149706857169
0.6	0.00941075887963
0.616666666666667	0.009566081726465
0.633333333333334	0.009753996157891
0.65	0.010125144591889
0.666666666666667	0.010472865194397
0.683333333333334	0.010515777338792
0.7	0.010478700778832
0.716666666666667	0.010725155806785
0.733333333333334	0.010976758562456
0.75	0.011226251168929
0.766666666666667	0.011380847951337
0.783333333333334	0.011387837896824
0.8	0.011618772249883
0.816666666666667	0.011896202127196
0.833333333333337	0.012168213291469
0.849999999999997	0.012398205050338
0.866666666666667	0.012698424517796
0.883333333333337	0.01288351892991
0.899999999999997	0.013132600843236
0.916666666666667	0.013445512510487
0.933333333333337	0.013717623333385
0.949999999999997	0.013986462337569
0.966666666666667	0.014198023601323
0.983333333333337	0.014495426351541
0.999999999999997	0.014768028039922
1.01666666666667	0.015114185274223
1.03333333333334	0.015392476388896
1.05	0.015681086313052
1.06666666666667	0.015981444477806
1.08333333333334	0.016218188267231
1.1	0.01643822663964
1.11666666666667	0.016770463742176
1.13333333333334	0.017107331698556
1.15	0.017329754759203
1.16666666666667	0.017624125225523
1.18333333333334	0.017866082630364
1.2	0.018243678842609
1.21666666666667	0.01843438921676
1.23333333333334	0.018668079807954
1.25	0.018965433753005
1.26666666666667	0.019280260712469
1.28333333333334	0.01956732688599
1.3	0.019842598474898
1.31666666666667	0.02008447366995
1.33333333333334	0.020401161176696
1.35	0.020664642951237
1.36666666666667	0.020919077284171
1.38333333333334	0.021202243759299
1.4	0.021426851795305
1.41666666666667	0.021721502414164
1.43333333333334	0.022036469268551
1.45	0.022418263245739
1.46666666666667	0.022660801106425
1.48333333333334	0.022879503657446
1.5	0.023126419473682
1.51666666666667	0.023410826027788
1.53333333333334	0.0237334655862
1.55	0.024013646880714
1.56666666666667	0.024278404240671
1.58333333333334	0.024629869791831
1.6	0.024856073869076
1.61666666666667	0.025108522819147
1.63333333333334	0.025367129045907
1.65	0.025637507207835
1.66666666666667	0.025972366409648
1.68333333333334	0.026186788705404
1.7	0.026460888928845
1.71666666666667	0.026770451014548
1.73333333333334	0.027069841238493
1.75	0.027371764290701
1.76666666666667	0.027603387325909
1.78333333333334	0.027833964137781
1.8	0.028118473792789
1.81666666666667	0.028465105053027
1.83333333333334	0.028756521783484
1.85	0.029037563107347
1.86666666666667	0.029291428476043
1.88333333333334	0.029498378729446
1.9	0.029774152477727
1.91666666666667	0.030136488887944
1.93333333333334	0.030430611570093
1.95	0.030686572430339
1.96666666666667	0.030961914376074
1.98333333333334	0.031255007140667
2	0.0314866422975
2.01666666666667	0.031786822630897
2.03333333333334	0.032040966013674
2.05	0.032331875125335
2.06666666666667	0.032603237565229
2.08333333333334	0.032845130787873
2.1	0.033125927195823
2.11666666666667	0.033385610642628
2.13333333333334	0.033651542525362
2.15	0.033871940866324
2.16666666666667	0.034095865708183
2.18333333333334	0.034447394844305
2.2	0.034742668966939
2.21666666666667	0.0350071181276
2.23333333333334	0.035293172784724
2.25	0.03556464648534
2.26666666666667	0.035865817346405
2.28333333333334	0.036090033572926
2.3	0.036316892676036
2.31666666666667	0.036622361606098
2.33333333333334	0.03691543494029
2.35	0.037203077379413
2.36666666666667	0.037415388346132
2.38333333333334	0.037740509186098
2.4	0.037963843040036
2.41666666666667	0.038272710756702
2.43333333333334	0.038576699205838
2.45	0.03885198573604
2.46666666666667	0.039168956176969
2.48333333333334	0.03942749439847
2.5	0.039663226480794
2.51666666666667	0.039966431522862
2.53333333333334	0.0402612582293
2.55	0.04052942158696
2.56666666666667	0.04083514290859
2.58333333333334	0.041125332700722
2.6	0.041407518780312
2.61666666666667	0.041655278790017
2.63333333333334	0.041964310494107
2.65	0.04225434619614
2.66666666666667	0.042526957290463
2.68333333333334	0.042774310837183
2.7	0.043076185248168
2.71666666666667	0.043328625912811
2.73333333333334	0.043663807437887
2.75	0.0439698092411
2.76666666666667	0.044212153486339
2.78333333333334	0.044530159692175
2.8	0.044773376877604
2.81666666666667	0.045079521646104
2.83333333333334	0.04532875322967
2.85	0.045630463378844
2.86666666666667	0.045943716902529
2.88333333333334	0.046202726738743
2.9	0.046455402395643
2.91666666666667	0.046770649110214
2.93333333333334	0.047012029238998
2.95	0.047299060889581
2.96666666666667	0.047533379145072
2.98333333333334	0.047852942975535
3	0.048137944448553
3.01666666666667	0.048380967448586
3.03333333333334	0.048624973331598
3.05	0.048917241155753
3.06666666666667	0.04927905969104
3.08333333333334	0.049551075420087
3.1	0.049833987308143
3.11666666666667	0.050075884832063
3.13333333333334	0.050418465265177
3.15	0.050631246239234
3.16666666666667	0.050951567620689
3.18333333333334	0.051230878719642
3.2	0.051508427013874
3.21666666666667	0.051746162220541
3.23333333333334	0.052036682116196
3.25	0.052307820500708
3.26666666666667	0.052545080397286
3.28333333333334	0.052818628644217
3.3	0.053151719146322
3.31666666666667	0.053402821752825
3.33333333333334	0.053723310565194
3.35	0.053959257974507
3.36666666666667	0.054278405879794
3.38333333333334	0.054536241110766
3.4	0.054849698539293
3.41666666666667	0.055076592322201
3.43333333333334	0.055390551272345
3.45	0.055651249709979
3.46666666666667	0.055941749152907
3.48333333333334	0.056156303748589
3.5	0.056441109258061
3.51666666666667	0.056722511468869
3.53333333333334	0.057027667865075
3.55	0.057369448938597
3.56666666666667	0.057617952243444
3.58333333333334	0.057926564568362
3.6	0.058163679860403
3.61666666666667	0.05846052165366
3.63333333333334	0.058818661660386
3.65	0.059084294516563
3.66666666666667	0.05936207042308
3.68333333333334	0.059658385170087
3.7	0.059922239551392
3.71666666666667	0.060209184730427
3.73333333333334	0.060508660547279
3.75	0.060788639148174
3.76666666666667	0.061093466614007
3.78333333333334	0.061312661868948
3.8	0.061596326432317
3.81666666666667	0.061917172878588
3.83333333333334	0.062196220195191
3.85	0.062421024128137
3.86666666666667	0.062688693155304
3.88333333333334	0.062934213935312
3.9	0.063243880682963
3.91666666666667	0.063521711822986
3.93333333333334	0.063803798829154
3.95	0.064053609085599
3.96666666666667	0.064352401926716
3.98333333333334	0.064699393492395
4	0.064952455901911
4.01666666666667	0.065199592487827
4.03333333333334	0.065506538444141
4.05	0.065712951084012
4.06666666666667	0.066016227908235
4.08333333333334	0.066274842474324
4.1	0.066570588306505
4.11666666666667	0.066807583190184
4.13333333333334	0.067108964805268
4.15	0.067392772655744
4.16666666666667	0.067705548455429
4.18333333333334	0.067931750371356
4.2	0.068180918308837
4.21666666666667	0.068462972308831
4.23333333333334	0.068755129015031
4.25	0.069019562329272
4.26666666666667	0.069344464519577
4.28333333333334	0.069574595147905
4.3	0.069863841986893
4.31666666666667	0.070105250888931
4.33333333333334	0.070431026726326
4.35	0.070717163942675
4.36666666666667	0.070985064533194
4.38333333333334	0.071241389759734
4.4	0.071542108698432
4.41666666666667	0.07176911658796
4.43333333333334	0.07197187233975
4.45	0.072282227207093
4.46666666666667	0.072666415191534
4.48333333333334	0.072891317913138
4.5	0.073106493944045
4.51666666666667	0.073384711688803
4.53333333333334	0.07360236986693
4.55	0.073886177885854
4.56666666666667	0.074151704134233
4.58333333333334	0.074349219340956
4.6	0.07465352676621
4.61666666666667	0.074884648656667
4.63333333333334	0.075177194244239
4.65	0.075478236472744
4.66666666666667	0.075688694122918
4.68333333333334	0.075972728882906
4.7	0.076226284527938
4.71666666666667	0.076507589571568
4.73333333333334	0.076806892281207
4.75	0.077088908617656
4.76666666666667	0.077342817935922
4.78333333333334	0.077608512548907
4.8	0.077845410700169
4.81666666666667	0.07810366243646
4.83333333333334	0.078379084309201
4.85	0.078607818060908
4.86666666666667	0.078864226313383
4.88333333333334	0.079157777833797
4.9	0.079446412738973
4.91666666666667	0.079756301059695
4.93333333333334	0.08000930808314
4.95	0.080240978177176
4.96666666666667	0.08058366235541
4.98333333333334	0.080775728304452
5	0.081050046348616
5.01666666666667	0.081298040538347
5.03333333333334	0.081539833139091
5.05	0.081863618325644
5.06666666666667	0.082090308915295
5.08333333333334	0.08237557573347
5.1	0.082611006725871
5.11666666666667	0.082861703218091
5.13333333333334	0.083145000116998
5.15	0.083453296437564
5.16666666666667	0.083735655782473
5.18333333333334	0.084032746651461
5.2	0.084265365857725
5.21666666666667	0.084582856348187
5.23333333333334	0.08483544900937
5.25	0.085144510875934
5.26666666666667	0.085378550746311
5.28333333333334	0.085700009069426
5.3	0.085910611931371
5.31666666666667	0.086176895787284
5.33333333333334	0.086424746883807
5.35	0.086704957748644
5.36666666666667	0.087007562264265
5.38333333333334	0.087292462860583
5.4	0.08756565593688
5.41666666666667	0.087840385626205
5.43333333333334	0.088073703346964
5.45	0.088319684792651
5.46666666666667	0.088614910559506
5.48333333333334	0.08887675538576
5.5	0.089171372494236
5.51666666666667	0.089452715953651
5.53333333333334	0.089743683492684
5.55	0.089978781987127
5.56666666666667	0.090249371017016
5.58333333333334	0.090523829126151
5.6	0.090784731064232
5.61666666666667	0.091062832956791
5.63333333333334	0.091386856674194
5.65	0.091643478500875
5.66666666666667	0.09190767201017
5.68333333333334	0.092175883724888
5.7	0.092423920512067
5.71666666666667	0.092668771497729
5.73333333333334	0.092939569690259
5.75	0.093200681493251
5.76666666666667	0.093462115350033
5.78333333333334	0.093717678759853
5.8	0.094031370493421
5.81666666666667	0.094215752432101
5.83333333333334	0.094428975559884
5.85	0.094664081559226
5.86666666666667	0.095101464661824
5.88333333333334	0.095257566660653
5.9	0.095634755519463
5.91666666666667	0.095846911385898
5.93333333333334	0.096173930231852
5.95	0.096448364732978
5.96666666666667	0.096612591711225
5.98333333333334	0.096971035702338
6	0.09742542599171
6.01666666666667	0.097616181680285
6.03333333333334	0.097837705005424
6.05	0.098165002115257
6.06666666666667	0.098362389327687
6.08333333333334	0.098709200008601
6.1	0.098843564461697
6.11666666666667	0.099397434774448
6.13333333333334	0.099578852958248
6.15	0.099714824918614
6.16666666666667	0.099897563895832
6.18333333333334	0.100210756258733
6.2	0.100461524597768
6.21666666666667	0.100593207260098
6.23333333333334	0.100889429550652
6.25	0.101360484592833
6.26666666666667	0.101544271657022
6.28333333333334	0.101900744655757
6.3	0.102003570168357
6.31666666666667	0.102285850621838
6.33333333333334	0.10243262860887
6.35	0.102862514356488
6.36666666666667	0.103113503275899
6.38333333333334	0.103400475069233
6.4	0.103752917637787
6.41666666666667	0.103960478468257
6.43333333333334	0.104128833183695
6.45	0.104413860437422
6.46666666666667	0.104582663471829
6.48333333333334	0.104814086711994
6.5	0.105044148597466
6.51666666666667	0.105530851080853
6.53333333333334	0.105868537027095
6.55	0.106105258629515
6.56666666666667	0.10635414154911
6.58333333333334	0.106632702837105
6.6	0.107028594447852
6.61666666666667	0.107201227991538
6.63333333333334	0.107491006089844
6.65	0.107731963386698
6.66666666666667	0.108101254258036
6.68333333333334	0.108374397365823
6.7	0.108668321242377
6.71666666666667	0.108948509999273
6.73333333333334	0.109277861532878
6.75	0.109541774870504
6.76666666666667	0.109858847608252
6.78333333333334	0.11010347102733
6.8	0.110314519628779
6.81666666666667	0.110626631330697
6.83333333333334	0.110925577638463
6.85	0.11125807805784
6.86666666666667	0.111526521055748
6.88333333333334	0.111843097793355
6.9	0.112073871720026
6.91666666666667	0.112356360685281
6.93333333333334	0.112700890482743
6.95	0.112986450217574
6.96666666666667	0.113192035395719
6.98333333333334	0.113500691448062
7	0.113916935989683
7.01666666666667	0.114124234921621
7.03333333333334	0.1144290020492
7.05	0.114665292792694
7.06666666666667	0.114921512526703
7.08333333333334	0.115306230848432
7.1	0.115597822257865
7.11666666666667	0.115855948432038
7.13333333333334	0.11617508954356
7.15	0.116394449720816
7.16666666666667	0.116647106731569
7.18333333333334	0.116810298846069
7.2	0.117119244497189
7.21666666666667	0.117491527697124
7.23333333333334	0.117772548908965
7.25	0.118084775290654
7.26666666666667	0.118441184173873
7.28333333333334	0.118755335677985
7.3	0.118999039717304
7.31666666666667	0.119244154434646
7.33333333333334	0.119566717270138
7.35	0.119810112312981
7.36666666666667	0.120134728687928
7.38333333333334	0.120432940211728
7.4	0.120710229228427
7.41666666666667	0.121003841186522
7.43333333333334	0.121270319897636
7.45	0.121559342576027
7.46666666666667	0.121896281630538
7.48333333333334	0.122247586855118
7.5	0.122541180737951
